Скважина,Месяц,Год,Процент воды весовой,Дебит нефти (т\сут),Дебит жидкости (т\сут)
14,8,2002,0.34,36.63,36.75
14,9,2002,0.37,70.87,71.13
14,10,2002,0.35,82.35,82.65
14,11,2002,0.35,84.43,84.73
14,12,2002,0.37,86.58,86.9
14,1,2003,0.33,86.77,87.06
14,2,2003,0.0,76.54,76.54
14,3,2003,0.0,76.12,76.12
14,4,2003,0.0,59.4,59.4
14,5,2003,0.0,48.42,48.42
14,6,2003,0.08,40.63,40.67
14,7,2003,0.0,31.29,31.29
14,8,2003,0.0,51.0,51.0
14,9,2003,0.79,54.3,54.73
14,10,2003,0.26,61.32,61.48
14,11,2003,0.0,51.7,51.7
14,12,2003,0.0,51.71,51.71
14,1,2004,0.26,62.26,62.42
14,2,2004,0.44,62.0,62.28
14,3,2004,0.11,59.52,59.58
14,4,2004,0.0,68.07,68.07
14,5,2004,0.1,65.23,65.29
14,6,2004,0.0,67.3,67.3
14,7,2004,0.21,62.65,62.77
14,8,2004,0.1,65.23,65.29
14,9,2004,0.19,71.0,71.13
14,10,2004,0.0,67.06,67.06
14,11,2004,0.0,75.0,75.0
14,12,2004,0.0,72.0,72.0
14,1,2005,0.67,67.19,67.65
14,2,2005,0.0,68.29,68.29
14,3,2005,0.0,70.19,70.19
14,4,2005,0.0,69.23,69.23
14,5,2005,0.0,67.35,67.35
14,6,2005,0.0,68.2,68.2
14,7,2005,0.0,66.18,66.18
14,8,2005,0.0,67.42,67.42
14,9,2005,0.34,68.47,68.7
14,10,2005,0.41,62.77,63.03
14,11,2005,0.4,66.03,66.3
14,12,2005,0.41,63.19,63.45
14,1,2006,0.14,65.94,66.03
14,2,2006,0.14,60.4,60.48
14,3,2006,0.13,53.07,53.15
14,4,2006,0.0,66.65,66.65
14,5,2006,0.27,56.55,56.71
14,6,2006,0.27,62.61,62.78
14,7,2006,0.27,51.71,51.85
14,8,2006,0.28,63.09,63.27
14,9,2006,0.28,59.56,59.73
14,10,2006,0.27,60.52,60.68
14,11,2006,0.28,56.1,56.26
14,12,2006,0.0,58.44,58.44
14,1,2007,0.0,66.55,66.55
14,2,2007,0.0,71.1,71.1
14,3,2007,0.0,73.6,73.6
14,4,2007,0.0,74.7,74.7
14,5,2007,0.14,71.21,71.3
14,6,2007,0.0,68.46,68.46
14,7,2007,0.0,69.14,69.14
14,8,2007,0.0,67.75,67.75
14,9,2007,0.0,71.42,71.42
14,10,2007,0.0,69.32,69.32
14,11,2007,0.0,73.9,73.9
14,12,2007,0.0,72.82,72.82
14,1,2008,0.0,72.45,72.45
14,2,2008,0.0,70.6,70.6
14,3,2008,0.0,75.6,75.6
14,4,2008,0.0,75.03,75.03
14,5,2008,0.0,76.87,76.87
14,6,2008,0.0,76.01,76.01
14,7,2008,0.0,76.4,76.4
14,8,2008,0.0,76.24,76.24
14,9,2008,0.0,76.44,76.44
14,10,2008,0.0,76.72,76.72
14,11,2008,0.0,77.42,77.42
14,12,2008,0.0,77.59,77.59
14,1,2009,0.14,77.36,77.46
14,2,2009,0.14,73.45,73.55
14,3,2009,1.36,74.86,75.89
14,4,2009,0.96,76.11,76.85
14,5,2009,3.81,87.85,91.33
14,6,2009,2.73,76.6,78.74
14,7,2009,3.13,75.46,77.9
14,8,2009,0.69,67.38,67.84
14,9,2009,0.68,72.81,73.31
14,10,2009,0.69,73.15,73.65
14,11,2009,1.37,68.11,69.06
14,12,2009,2.05,73.57,75.11
14,1,2010,1.24,69.61,70.48
14,2,2010,1.37,73.59,74.62
14,3,2010,2.05,71.12,72.61
14,4,2010,0.0,77.02,77.02
14,5,2010,3.13,89.55,92.44
14,6,2010,2.32,56.59,57.93
14,7,2010,2.73,81.45,83.73
14,8,2010,2.88,68.59,70.62
14,9,2010,2.73,64.5,66.31
14,10,2010,4.09,37.16,38.74
14,11,2010,4.07,99.45,103.67
14,12,2010,4.08,97.77,101.93
14,1,2011,4.08,57.95,60.42
14,2,2011,3.84,51.48,53.53
14,3,2011,2.48,51.43,52.74
14,4,2011,6.75,53.48,57.35
14,5,2011,6.75,47.11,50.52
14,6,2011,5.42,41.37,43.74
14,7,2011,6.75,47.57,51.01
14,8,2011,3.03,49.86,51.42
14,9,2011,0.23,51.33,51.45
14,10,2011,0.01,50.65,50.66
14,11,2011,4.08,62.95,65.63
14,12,2011,9.12,54.73,60.22
14,1,2012,4.66,48.96,51.35
14,2,2012,2.92,47.64,49.07
14,3,2012,1.66,47.83,48.64
14,4,2012,4.03,44.59,46.47
14,5,2012,2.26,43.52,44.53
14,6,2012,1.28,44.95,45.53
14,7,2012,4.21,33.16,34.62
14,8,2012,11.68,28.15,31.87
14,9,2012,12.19,28.84,32.85
14,10,2012,5.7,29.69,31.48
14,11,2012,6.75,28.06,30.09
14,12,2012,10.73,26.51,29.7
14,1,2013,15.26,26.0,30.68
14,2,2013,10.99,21.92,24.62
14,3,2013,5.55,23.18,24.55
14,4,2013,7.48,22.09,23.87
14,5,2013,4.38,22.88,23.93
14,6,2013,4.46,19.71,20.64
14,7,2013,5.61,19.98,21.17
14,8,2013,10.19,20.3,22.61
14,9,2013,12.97,15.95,18.33
14,10,2013,9.34,16.75,18.48
14,11,2013,9.82,15.73,17.45
14,12,2013,6.77,16.27,17.45
14,1,2014,8.62,17.0,18.6
14,2,2014,6.44,18.29,19.55
14,3,2014,9.3,16.67,18.38
14,4,2014,5.71,17.21,18.25
14,5,2014,6.44,15.94,17.03
14,6,2014,4.91,17.55,18.46
14,7,2014,6.76,16.85,18.08
14,8,2014,6.41,17.24,18.42
14,9,2014,4.19,19.44,20.29
14,10,2014,4.98,18.68,19.66
14,11,2014,5.15,19.34,20.39
14,12,2014,4.5,19.85,20.78
14,1,2015,5.13,20.05,21.14
14,2,2015,5.98,18.02,19.16
14,3,2015,5.71,18.65,19.77
14,4,2015,6.35,17.88,19.09
14,5,2015,4.74,19.73,20.71
14,6,2015,4.06,22.26,23.21
14,7,2015,2.62,24.19,24.84
14,8,2015,3.47,23.71,24.56
14,9,2015,6.01,21.36,22.73
14,10,2015,5.25,22.42,23.67
14,11,2015,3.67,22.8,23.67
14,12,2015,4.69,22.3,23.4
14,1,2016,3.41,19.9,20.6
14,2,2016,3.82,21.9,22.77
14,3,2016,1.85,22.6,23.03
14,4,2016,1.48,21.98,22.31
14,5,2016,2.04,23.0,23.48
14,6,2016,2.38,23.93,24.51
14,7,2016,1.54,28.12,28.56
14,8,2016,2.32,26.67,27.3
14,9,2016,11.42,24.06,27.16
14,10,2016,22.56,25.46,32.87
14,11,2016,13.9,26.23,30.46
14,12,2016,10.54,20.19,22.57
14,1,2017,3.73,15.57,16.18
14,2,2017,2.68,14.76,15.16
14,3,2017,6.79,15.98,17.15
14,4,2017,7.08,16.1,17.33
14,5,2017,7.22,14.88,16.04
14,6,2017,6.83,15.51,16.64
14,7,2017,8.17,15.3,16.66
14,8,2017,8.72,16.24,17.79
14,9,2017,7.76,15.5,16.8
14,10,2017,8.29,15.39,16.78
14,11,2017,13.6,14.57,16.86
14,12,2017,8.73,14.57,15.97
14,1,2018,6.06,14.76,15.72
14,2,2018,9.05,13.97,15.36
14,3,2018,5.58,12.4,13.13
14,4,2018,2.82,15.51,15.96
14,5,2018,7.93,13.97,15.18
14,6,2018,4.88,14.1,14.83
14,7,2018,6.94,12.2,13.11
14,8,2018,7.07,14.17,15.25
14,9,2018,7.72,14.46,15.67
14,10,2018,7.67,15.53,16.82
14,11,2018,11.04,14.34,16.12
14,12,2018,7.42,15.21,16.43
14,1,2019,9.28,13.81,15.22
14,2,2019,6.4,13.85,14.8
14,3,2019,5.25,13.45,14.19
14,4,2019,8.13,13.34,14.52
14,5,2019,15.97,13.24,15.75
14,6,2019,17.6,12.8,15.53
14,7,2019,15.46,12.98,15.35
14,8,2019,4.1,13.37,13.94
14,9,2019,18.54,13.49,16.56
14,10,2019,9.47,13.6,15.02
14,11,2019,9.45,15.56,17.19
14,12,2019,11.46,13.36,15.09
14,1,2020,23.54,13.3,17.4
14,2,2020,21.05,12.0,15.2
14,3,2020,19.58,12.47,15.51
14,4,2020,36.09,11.86,18.56
14,5,2020,27.18,12.07,16.58
14,6,2020,0.0,0.0,0.0
14,7,2020,51.39,20.02,41.2
14,8,2020,51.8,19.87,41.23
14,9,2020,42.51,22.71,39.5
14,10,2020,49.86,20.26,40.41
14,11,2020,54.91,18.69,41.46
14,12,2020,38.16,24.34,39.35
14,1,2021,66.34,19.46,57.8
14,2,2021,61.23,19.21,49.56
14,3,2021,60.27,20.52,51.65
14,4,2021,58.54,20.44,49.31
14,5,2021,63.37,18.64,50.89
14,6,2021,69.08,13.85,44.79
104,6,2015,86.02,4.98,35.63
104,7,2015,89.63,3.81,36.78
104,8,2015,94.17,2.15,36.98
104,9,2015,89.62,3.53,34.01
104,10,2015,91.16,2.92,33.06
104,11,2015,91.92,2.71,33.49
104,12,2015,91.92,2.77,34.28
104,1,2016,88.85,3.86,34.62
104,2,2016,86.34,4.54,33.25
104,3,2016,87.28,4.07,32.01
104,4,2016,88.07,3.77,31.63
104,5,2016,84.9,4.64,30.72
104,6,2016,84.9,4.67,30.91
104,7,2016,84.9,4.81,31.87
104,8,2016,84.9,4.51,29.85
104,9,2016,87.68,3.96,32.13
104,10,2016,90.54,3.06,32.41
104,11,2016,95.07,1.63,33.0
104,12,2016,94.18,1.91,32.78
104,1,2017,95.58,1.44,32.47
104,2,2017,94.7,1.8,33.95
104,3,2017,96.44,1.4,39.29
104,4,2017,96.71,1.47,44.62
104,5,2017,92.02,3.06,38.39
104,6,2017,93.36,2.66,40.08
104,7,2017,0.0,0.0,0.0
104,8,2017,19.63,5.07,6.31
104,9,2017,24.53,4.82,6.39
104,10,2017,24.49,4.86,6.43
104,11,2017,1.35,4.64,4.71
104,12,2017,2.7,2.09,2.15
104,1,2018,22.57,2.08,2.69
104,2,2018,26.14,2.03,2.75
104,3,2018,24.39,1.96,2.59
104,4,2018,24.76,2.13,2.83
104,5,2018,23.16,1.79,2.33
104,6,2018,20.24,1.79,2.24
104,7,2018,19.41,1.69,2.09
104,8,2018,18.57,1.98,2.43
104,9,2018,12.14,1.95,2.22
104,10,2018,1.15,1.67,1.69
104,11,2018,5.03,2.03,2.14
104,12,2018,3.65,1.87,1.95
104,1,2019,4.72,1.5,1.57
104,2,2019,1.77,1.61,1.64
104,3,2019,1.66,1.38,1.4
104,4,2019,1.54,3.21,3.26
104,5,2019,73.43,1.72,6.47
104,6,2019,9.8,4.42,4.9
104,7,2019,71.12,1.96,6.8
104,8,2019,73.02,1.55,5.75
104,9,2019,79.11,1.56,7.47
104,10,2019,69.62,1.8,5.92
104,11,2019,76.59,1.94,8.27
104,12,2019,76.54,1.14,4.86
104,1,2020,85.42,1.17,8.05
104,2,2020,79.11,1.18,5.64
104,3,2020,77.3,1.24,5.47
104,4,2020,88.78,1.33,11.86
104,5,2020,83.33,2.4,14.4
104,6,2020,89.26,1.3,12.1
104,7,2020,90.21,1.4,14.3
104,8,2020,84.62,1.4,9.1
104,9,2020,88.3,1.28,10.98
104,10,2020,87.5,1.2,9.6
104,11,2020,83.33,1.6,9.6
104,12,2020,80.0,1.6,8.0
104,1,2021,84.62,1.6,10.4
104,2,2021,81.82,1.6,8.8
104,3,2021,81.82,1.6,8.8
104,4,2021,80.0,1.6,8.0
104,5,2021,83.12,1.38,8.16
104,6,2021,79.73,1.29,6.38
105,12,2010,44.89,19.95,36.2
105,1,2011,40.8,22.01,37.17
105,2,2011,6.78,24.39,26.16
105,3,2011,5.59,24.49,25.94
105,4,2011,19.12,22.99,28.42
105,5,2011,19.13,19.56,24.19
105,6,2011,19.13,16.46,20.35
105,7,2011,19.11,19.91,24.62
105,8,2011,9.57,18.42,20.37
105,9,2011,0.94,17.89,18.06
105,10,2011,0.04,16.78,16.79
105,11,2011,19.13,20.42,25.25
105,12,2011,20.69,15.9,20.05
105,1,2012,14.19,12.83,14.95
105,2,2012,9.23,11.8,13.0
105,3,2012,10.85,11.62,13.04
105,4,2012,16.18,12.07,14.4
105,5,2012,10.66,10.92,12.23
105,6,2012,4.41,10.77,11.27
105,7,2012,9.62,6.19,6.85
105,8,2012,11.65,8.56,9.69
105,9,2012,21.35,9.99,12.71
105,10,2012,10.16,11.08,12.33
105,11,2012,13.6,10.78,12.48
105,12,2012,20.77,8.73,11.02
105,1,2013,19.17,15.93,19.71
105,2,2013,24.31,10.4,13.74
105,3,2013,0.0,0.0,0.0
105,4,2013,0.0,0.0,0.0
105,5,2013,33.19,23.23,34.77
105,6,2013,30.87,23.74,34.34
105,7,2013,9.62,29.2,32.3
105,8,2013,13.57,28.41,32.87
105,9,2013,9.62,25.84,28.6
105,10,2013,8.28,10.61,11.56
105,11,2013,8.3,11.12,12.13
105,12,2013,8.28,11.22,12.24
105,1,2014,8.84,11.89,13.05
105,2,2014,7.01,11.27,12.12
105,3,2014,10.06,10.24,11.38
105,4,2014,5.75,11.5,12.2
105,5,2014,6.46,11.15,11.93
105,6,2014,4.95,12.1,12.73
105,7,2014,6.81,11.87,12.74
105,8,2014,10.41,11.38,12.7
105,9,2014,12.03,11.57,13.15
105,10,2014,10.52,12.13,13.55
105,11,2014,15.75,11.32,13.43
105,12,2014,13.96,11.65,13.54
105,1,2015,15.72,11.48,13.62
105,2,2015,4.03,11.98,12.49
105,3,2015,9.33,11.72,12.93
105,4,2015,10.33,10.99,12.26
105,5,2015,9.73,12.24,13.56
105,6,2015,12.74,12.27,14.06
105,7,2015,10.51,12.39,13.84
105,8,2015,13.53,12.1,13.99
105,9,2015,18.08,11.0,13.42
105,10,2015,21.3,10.61,13.48
105,11,2015,9.46,10.78,11.91
105,12,2015,8.08,10.12,11.01
105,1,2016,5.8,10.31,10.95
105,2,2016,1.95,10.35,10.56
105,3,2016,1.43,6.93,7.04
105,4,2016,1.53,6.02,6.11
105,5,2016,3.18,5.99,6.19
105,6,2016,4.87,5.88,6.18
105,7,2016,1.46,7.39,7.5
105,8,2016,2.49,6.99,7.16
105,9,2016,13.03,6.38,7.34
105,10,2016,16.42,6.88,8.23
105,11,2016,15.29,7.26,8.57
105,12,2016,20.1,6.47,8.1
105,1,2017,8.2,5.09,5.55
105,2,2017,10.15,4.84,5.39
105,3,2017,7.86,5.81,6.3
105,4,2017,12.83,6.09,6.99
105,5,2017,57.02,10.0,23.27
105,6,2017,55.08,10.37,23.08
105,7,2017,41.69,12.75,21.87
105,8,2017,34.05,9.07,13.75
105,9,2017,34.04,8.07,12.23
105,10,2017,34.39,7.16,10.92
105,11,2017,10.35,9.62,10.73
105,12,2017,26.09,5.31,7.19
105,1,2018,26.12,8.44,11.42
105,2,2018,27.27,8.42,11.58
105,3,2018,15.29,8.51,10.04
105,4,2018,15.63,10.79,12.79
105,5,2018,20.57,9.65,12.15
105,6,2018,21.77,9.6,12.27
105,7,2018,21.06,8.54,10.81
105,8,2018,21.36,9.11,11.58
105,9,2018,21.46,6.71,8.54
105,10,2018,11.65,7.44,8.42
105,11,2018,14.17,6.98,8.14
105,12,2018,11.7,9.13,10.34
105,1,2019,16.09,7.62,9.08
105,2,2019,12.57,7.95,9.09
105,3,2019,8.43,7.64,8.34
105,4,2019,8.19,7.7,8.39
105,5,2019,18.57,7.74,9.5
105,6,2019,19.29,7.17,8.88
105,7,2019,19.02,7.23,8.92
105,8,2019,19.78,7.82,9.74
105,9,2019,30.63,7.2,10.38
105,10,2019,21.03,8.09,10.25
105,11,2019,24.2,8.5,11.21
105,12,2019,36.62,7.61,12.01
105,1,2020,60.67,6.51,16.55
105,2,2020,38.87,6.72,11.0
105,3,2020,36.43,7.98,12.55
105,4,2020,50.85,7.46,15.17
105,5,2020,71.09,5.45,18.86
105,6,2020,72.2,5.66,20.37
105,7,2020,70.11,6.45,21.59
105,8,2020,34.7,8.69,13.31
105,9,2020,35.45,8.12,12.58
105,10,2020,49.05,8.0,15.7
105,11,2020,57.43,6.79,15.96
105,12,2020,47.31,7.15,13.56
105,1,2021,51.52,13.11,27.04
105,2,2021,46.49,7.11,13.28
105,3,2021,47.13,7.68,14.53
105,4,2021,45.34,8.23,15.06
105,5,2021,45.84,8.13,15.02
105,6,2021,40.37,7.84,13.15
112,7,2015,6.39,7.19,7.68
112,8,2015,6.38,5.3,5.66
112,9,2015,3.88,5.61,5.84
112,10,2015,22.14,4.87,6.26
112,11,2015,18.6,5.16,6.34
112,12,2015,7.61,5.7,6.17
112,1,2016,6.41,6.19,6.62
112,2,2016,6.6,5.52,5.91
112,3,2016,4.64,3.84,4.03
112,4,2016,4.98,3.82,4.02
112,5,2016,3.27,4.2,4.35
112,6,2016,5.05,4.38,4.62
112,7,2016,1.33,5.26,5.33
112,8,2016,1.76,4.7,4.78
112,9,2016,8.27,3.59,3.91
112,10,2016,10.54,4.03,4.5
112,11,2016,12.45,3.61,4.12
112,12,2016,16.33,3.21,3.83
112,1,2017,5.3,2.82,2.98
112,2,2017,4.39,3.43,3.58
112,3,2017,10.1,8.6,9.57
112,4,2017,5.13,8.81,9.29
112,5,2017,2.56,7.91,8.12
112,6,2017,7.61,6.07,6.57
112,7,2017,8.89,6.48,7.11
112,8,2017,6.36,6.46,6.9
112,9,2017,6.41,5.65,6.04
112,10,2017,17.41,5.26,6.37
112,11,2017,5.11,5.88,6.19
112,12,2017,2.59,5.83,5.99
112,1,2018,4.39,4.84,5.07
112,2,2018,4.91,4.42,4.65
112,3,2018,3.4,4.67,4.84
112,4,2018,10.27,4.8,5.35
112,5,2018,9.6,4.25,4.71
112,6,2018,1.95,4.52,4.61
112,7,2018,5.52,3.54,3.74
112,8,2018,5.56,3.51,3.72
112,9,2018,5.27,2.7,2.85
112,10,2018,5.73,3.13,3.32
112,11,2018,8.17,2.72,2.96
112,12,2018,5.43,3.2,3.38
112,1,2019,6.59,4.12,4.41
112,2,2019,4.89,4.68,4.92
112,3,2019,2.98,3.68,3.79
112,4,2019,1.72,3.46,3.52
112,5,2019,33.92,12.1,18.31
112,6,2019,1.25,19.15,19.39
112,7,2019,8.65,16.46,18.02
112,8,2019,2.49,18.02,18.48
112,9,2019,4.97,17.1,17.99
112,10,2019,4.49,14.57,15.26
112,11,2019,2.51,15.04,15.43
112,12,2019,5.73,14.34,15.21
112,1,2020,7.69,14.23,15.42
112,2,2020,7.28,14.07,15.17
112,3,2020,5.24,13.89,14.65
112,4,2020,11.39,5.52,6.23
112,5,2020,12.93,5.69,6.54
112,6,2020,10.7,11.21,12.55
112,7,2020,11.63,11.74,13.29
112,8,2020,19.61,10.97,13.65
112,9,2020,9.68,10.55,11.68
112,10,2020,15.59,11.35,13.45
112,11,2020,16.46,9.93,11.89
112,12,2020,14.38,10.48,12.25
112,1,2021,16.58,11.02,13.21
112,2,2021,14.0,11.33,13.17
112,3,2021,14.3,11.1,12.95
112,4,2021,13.43,11.63,13.43
112,5,2021,13.68,11.15,12.92
112,6,2021,8.23,11.0,11.99
121,8,2015,51.71,11.48,23.78
121,9,2015,46.32,12.24,22.8
121,10,2015,44.14,11.02,19.73
121,11,2015,44.23,12.47,22.37
121,12,2015,46.32,11.44,21.31
121,1,2016,35.61,12.42,19.29
121,2,2016,34.14,13.18,20.01
121,3,2016,28.06,10.69,14.87
121,4,2016,21.76,6.21,7.94
121,5,2016,24.43,4.85,6.42
121,6,2016,37.56,4.95,7.94
121,7,2016,15.03,5.88,6.92
121,8,2016,42.4,7.1,12.32
121,9,2016,39.21,4.2,6.92
121,10,2016,27.53,4.69,6.47
121,11,2016,30.86,3.73,5.4
121,12,2016,31.0,3.78,5.48
121,1,2017,29.0,4.37,6.15
121,2,2017,25.53,4.73,6.35
121,3,2017,33.22,4.54,6.8
121,4,2017,30.58,4.68,6.75
121,5,2017,25.28,4.24,5.68
121,6,2017,19.18,5.1,6.31
121,7,2017,34.85,4.3,6.6
121,8,2017,25.06,4.76,6.36
121,9,2017,26.54,4.52,6.15
121,10,2017,18.13,4.15,5.07
121,11,2017,27.66,3.53,4.88
121,12,2017,20.12,3.52,4.41
121,1,2018,16.8,3.51,4.22
121,2,2018,17.79,3.1,3.78
121,3,2018,16.46,2.62,3.14
121,4,2018,16.26,2.71,3.24
121,5,2018,10.82,2.66,2.98
121,6,2018,11.47,2.65,2.99
121,7,2018,15.31,2.45,2.89
121,8,2018,13.39,3.09,3.57
121,9,2018,0.0,0.0,0.0
121,10,2018,12.45,3.52,4.02
121,11,2018,2.38,3.96,4.06
121,12,2018,2.94,3.73,3.84
121,1,2019,3.23,2.82,2.92
121,2,2019,2.46,4.21,4.31
121,3,2019,1.29,3.98,4.03
121,4,2019,2.69,3.72,3.82
121,5,2019,4.74,3.7,3.88
121,6,2019,5.67,3.77,4.0
121,7,2019,7.91,3.95,4.28
121,8,2019,6.8,3.62,3.89
121,9,2019,11.45,3.4,3.84
121,10,2019,8.84,3.26,3.58
121,11,2019,4.14,3.57,3.73
121,12,2019,3.1,3.33,3.44
121,1,2020,23.5,3.16,4.13
121,2,2020,12.44,2.74,3.13
121,3,2020,11.36,2.34,2.64
121,4,2020,22.96,2.28,2.95
121,5,2020,50.0,2.4,4.8
121,6,2020,23.68,2.9,3.8
121,7,2020,26.19,3.1,4.2
121,8,2020,17.0,2.39,2.88
121,9,2020,21.92,2.85,3.65
121,10,2020,50.0,2.4,4.8
121,11,2020,50.0,2.4,4.8
121,12,2020,50.0,2.4,4.8
121,1,2021,50.0,2.4,4.8
121,2,2021,15.96,2.56,3.04
121,3,2021,16.34,2.18,2.61
121,4,2021,15.41,2.93,3.46
121,5,2021,9.54,2.91,3.21
121,6,2021,7.76,2.97,3.22
200,6,2013,75.7,13.54,55.7
200,7,2013,75.26,9.54,38.56
200,8,2013,73.6,13.48,51.05
200,9,2013,0.0,0.0,0.0
200,10,2013,71.93,11.23,40.02
200,11,2013,73.69,9.54,36.27
200,12,2013,74.56,9.25,36.38
200,1,2014,77.57,5.71,25.46
200,2,2014,77.22,7.83,34.39
200,3,2014,83.47,6.79,41.07
200,4,2014,74.9,7.4,29.47
200,5,2014,77.21,7.79,34.17
200,6,2014,71.83,6.93,24.6
200,7,2014,84.2,3.22,20.38
200,8,2014,81.38,3.67,19.72
200,9,2014,73.63,3.85,14.58
200,10,2014,76.99,3.21,13.95
200,11,2014,77.59,2.83,12.63
200,12,2014,75.03,2.89,11.56
200,1,2015,79.41,2.67,12.97
200,2,2015,81.95,2.54,14.09
200,3,2015,81.2,3.04,16.16
200,4,2015,82.85,2.68,15.63
200,5,2015,80.15,2.54,12.77
200,6,2015,84.38,1.74,11.14
200,7,2015,82.66,1.59,9.16
200,8,2015,86.39,1.5,11.02
200,9,2015,95.86,0.58,14.09
200,10,2015,97.15,0.36,12.58
200,11,2015,88.15,1.33,11.19
200,12,2015,86.07,1.24,8.87
200,1,2016,66.34,8.67,25.74
200,2,2016,72.68,7.15,26.16
200,3,2016,75.27,6.69,27.05
200,4,2016,64.57,9.49,26.78
200,5,2016,74.84,7.23,28.73
200,6,2016,75.26,7.01,28.32
200,7,2016,81.11,5.51,29.18
200,8,2016,76.96,6.51,28.27
200,9,2016,75.95,6.88,28.61
200,10,2016,81.85,4.53,24.97
200,11,2016,79.89,4.98,24.75
200,12,2016,92.05,1.88,23.65
200,1,2017,83.08,3.77,22.27
200,2,2017,92.17,1.67,21.35
200,3,2017,91.89,1.88,23.22
200,4,2017,91.21,2.16,24.62
200,5,2017,90.54,1.89,19.98
200,6,2017,90.42,1.95,20.35
200,7,2017,93.71,1.82,28.89
200,8,2017,91.19,2.1,23.81
200,9,2017,91.69,1.96,23.63
200,10,2017,90.72,2.97,32.06
200,11,2017,96.29,1.88,50.76
200,12,2017,91.18,2.5,28.39
200,1,2018,89.44,2.5,23.7
200,2,2018,87.04,3.28,25.3
200,3,2018,82.78,3.73,21.67
200,4,2018,86.21,3.74,27.1
200,5,2018,86.22,3.25,23.59
200,6,2018,87.04,2.93,22.64
200,7,2018,89.07,2.36,21.58
200,8,2018,89.26,2.43,22.64
200,9,2018,86.78,2.97,22.46
200,10,2018,80.28,4.5,22.84
200,11,2018,80.54,4.78,24.55
200,12,2018,73.38,4.48,16.82
200,1,2019,78.11,4.08,18.64
200,2,2019,72.78,4.01,14.73
200,3,2019,71.16,4.12,14.29
200,4,2019,69.09,4.66,15.08
200,5,2019,83.72,4.19,25.73
200,6,2019,86.68,3.24,24.31
200,7,2019,83.21,3.7,22.02
200,8,2019,88.5,2.59,22.55
200,9,2019,91.5,3.04,35.82
200,10,2019,86.6,3.24,24.2
200,11,2019,86.57,3.3,24.57
200,12,2019,83.81,3.67,22.68
200,1,2020,85.34,4.78,32.6
200,2,2020,74.82,5.84,23.17
200,3,2020,78.86,4.39,20.76
200,4,2020,95.79,0.48,11.31
200,5,2020,80.0,2.4,12.0
200,6,2020,90.0,0.9,9.0
200,7,2020,90.65,1.0,10.7
200,8,2020,85.29,1.0,6.8
200,9,2020,89.02,0.9,8.2
200,10,2020,86.11,1.0,7.2
200,11,2020,87.5,0.8,6.4
200,12,2020,85.71,0.8,5.6
200,1,2021,88.89,0.8,7.2
200,2,2021,85.71,0.8,5.6
200,3,2021,87.5,0.8,6.4
200,4,2021,85.71,0.8,5.6
200,5,2021,85.71,0.8,5.6
200,6,2021,66.67,2.4,7.2
201,6,2009,0.0,15.0,15.0
201,7,2009,0.0,10.83,10.83
201,8,2009,0.0,9.8,9.8
201,9,2009,3.61,6.4,6.64
201,10,2009,3.36,6.95,7.19
201,11,2009,0.0,7.05,7.05
201,12,2009,0.0,6.72,6.72
201,1,2010,0.0,6.2,6.2
201,2,2010,0.0,0.0,0.0
201,3,2010,0.0,6.68,6.68
201,4,2010,1.07,6.79,6.87
201,5,2010,1.36,6.34,6.42
201,6,2010,0.0,6.07,6.07
201,7,2010,1.37,5.57,5.65
201,8,2010,2.05,5.25,5.36
201,9,2010,2.08,5.94,6.06
201,10,2010,0.0,0.0,0.0
201,11,2010,0.0,0.0,0.0
201,12,2010,0.0,0.0,0.0
201,1,2011,0.0,0.0,0.0
201,2,2011,0.0,0.0,0.0
201,3,2011,0.0,0.0,0.0
201,4,2011,0.0,0.0,0.0
201,5,2011,0.0,0.0,0.0
201,6,2011,0.0,0.0,0.0
201,7,2011,0.0,0.0,0.0
201,8,2011,0.0,0.0,0.0
201,9,2011,0.0,0.0,0.0
201,10,2011,0.0,0.0,0.0
201,11,2011,0.0,0.0,0.0
201,12,2011,0.0,0.0,0.0
201,1,2012,0.0,0.0,0.0
201,2,2012,0.0,0.0,0.0
201,3,2012,0.0,0.0,0.0
201,4,2012,0.0,0.0,0.0
201,5,2012,0.0,0.0,0.0
201,6,2012,0.0,0.0,0.0
201,7,2012,0.0,0.0,0.0
201,8,2012,0.0,0.0,0.0
201,9,2012,0.0,0.0,0.0
201,10,2012,0.0,0.0,0.0
201,11,2012,0.0,0.0,0.0
201,12,2012,0.0,0.0,0.0
201,1,2013,0.0,0.0,0.0
201,2,2013,0.0,0.0,0.0
201,3,2013,0.0,0.0,0.0
201,4,2013,0.0,0.0,0.0
201,5,2013,0.0,0.0,0.0
201,6,2013,0.0,0.0,0.0
201,7,2013,0.0,0.0,0.0
201,8,2013,0.0,0.0,0.0
201,9,2013,0.0,0.0,0.0
201,10,2013,0.0,0.0,0.0
201,11,2013,0.0,0.0,0.0
201,12,2013,0.0,0.0,0.0
201,1,2014,0.0,0.0,0.0
201,2,2014,0.0,0.0,0.0
201,3,2014,0.0,0.0,0.0
201,4,2014,0.0,0.0,0.0
201,5,2014,0.0,0.0,0.0
201,6,2014,0.0,0.0,0.0
201,7,2014,0.0,0.0,0.0
201,8,2014,0.0,0.0,0.0
201,9,2014,0.0,0.0,0.0
201,10,2014,0.0,0.0,0.0
201,11,2014,0.0,0.0,0.0
201,12,2014,0.0,0.0,0.0
201,1,2015,0.0,0.0,0.0
201,2,2015,0.0,0.0,0.0
201,3,2015,0.0,0.0,0.0
201,4,2015,0.0,0.0,0.0
201,5,2015,0.0,0.0,0.0
201,6,2015,0.0,0.0,0.0
201,7,2015,0.0,0.0,0.0
201,8,2015,0.0,0.0,0.0
201,9,2015,0.0,0.0,0.0
201,10,2015,0.0,0.0,0.0
201,11,2015,0.0,0.0,0.0
201,12,2015,0.0,0.0,0.0
201,1,2016,0.0,0.0,0.0
201,2,2016,0.0,0.0,0.0
201,3,2016,0.0,0.0,0.0
201,4,2016,0.0,0.0,0.0
201,5,2016,0.0,0.0,0.0
201,6,2016,0.0,0.0,0.0
201,7,2016,0.0,0.0,0.0
201,8,2016,0.0,0.0,0.0
201,9,2016,0.0,0.0,0.0
201,10,2016,0.0,0.0,0.0
201,11,2016,0.0,0.0,0.0
201,12,2016,0.0,0.0,0.0
201,1,2017,0.0,0.0,0.0
201,2,2017,0.0,0.0,0.0
201,3,2017,0.0,0.0,0.0
201,4,2017,0.0,0.0,0.0
201,5,2017,0.0,0.0,0.0
201,6,2017,0.0,0.0,0.0
201,7,2017,0.0,0.0,0.0
201,8,2017,0.0,0.0,0.0
201,9,2017,0.0,0.0,0.0
201,10,2017,0.0,0.0,0.0
201,11,2017,0.0,0.0,0.0
201,12,2017,0.0,0.0,0.0
201,1,2018,0.0,0.0,0.0
201,2,2018,0.0,0.0,0.0
201,3,2018,0.0,0.0,0.0
201,4,2018,0.0,0.0,0.0
201,5,2018,0.0,0.0,0.0
201,6,2018,0.0,0.0,0.0
201,7,2018,0.0,0.0,0.0
201,8,2018,0.0,0.0,0.0
201,9,2018,0.0,0.0,0.0
201,10,2018,0.0,0.0,0.0
201,11,2018,0.0,0.0,0.0
201,12,2018,0.0,0.0,0.0
201,1,2019,0.0,0.0,0.0
201,2,2019,0.0,0.0,0.0
201,3,2019,0.0,0.0,0.0
201,4,2019,0.0,0.0,0.0
201,5,2019,0.0,0.0,0.0
201,6,2019,0.0,0.0,0.0
201,7,2019,0.0,0.0,0.0
201,8,2019,0.0,0.0,0.0
201,9,2019,0.0,0.0,0.0
201,10,2019,0.0,0.0,0.0
201,11,2019,0.0,0.0,0.0
201,12,2019,0.0,0.0,0.0
201,1,2020,0.0,0.0,0.0
201,2,2020,0.0,0.0,0.0
201,3,2020,0.0,0.0,0.0
201,4,2020,0.0,0.0,0.0
201,5,2020,0.0,0.0,0.0
201,6,2020,0.0,0.0,0.0
201,7,2020,0.0,0.0,0.0
201,8,2020,0.0,0.0,0.0
201,9,2020,0.0,0.0,0.0
201,10,2020,0.0,0.0,0.0
201,11,2020,0.0,0.0,0.0
201,12,2020,0.0,0.0,0.0
201,1,2021,0.0,0.0,0.0
201,2,2021,0.0,0.0,0.0
201,3,2021,0.0,0.0,0.0
201,4,2021,0.0,0.0,0.0
201,5,2021,0.0,0.0,0.0
201,6,2021,0.0,0.0,0.0
202,5,2012,43.32,18.91,33.36
202,6,2012,31.5,20.8,30.36
202,7,2012,31.5,19.82,28.93
202,8,2012,37.16,16.03,25.51
202,9,2012,39.81,14.1,23.43
202,10,2012,37.26,14.79,23.58
202,11,2012,47.91,12.21,23.43
202,12,2012,47.92,12.21,23.44
202,1,2013,58.08,11.83,28.22
202,2,2013,56.41,12.71,29.15
202,3,2013,48.56,14.44,28.07
202,4,2013,47.45,13.93,26.5
202,5,2013,37.44,10.06,16.07
202,6,2013,33.36,6.26,9.4
202,7,2013,40.47,13.75,23.09
202,8,2013,41.55,10.46,17.9
202,9,2013,29.2,9.21,13.01
202,10,2013,25.74,8.8,11.85
202,11,2013,25.64,9.55,12.84
202,12,2013,30.35,9.86,14.16
202,1,2014,33.06,10.43,15.58
202,2,2014,29.29,10.22,14.45
202,3,2014,38.15,9.05,14.64
202,4,2014,26.72,9.59,13.08
202,5,2014,29.28,9.52,13.46
202,6,2014,23.71,10.21,13.38
202,7,2014,0.0,0.0,0.0
202,8,2014,34.79,8.8,13.49
202,9,2014,25.41,9.89,13.26
202,10,2014,32.01,8.5,12.5
202,11,2014,32.72,7.89,11.73
202,12,2014,29.69,7.49,10.65
202,1,2015,32.67,7.53,11.19
202,2,2015,36.36,6.83,10.74
202,3,2015,37.71,6.45,10.36
202,4,2015,40.39,6.06,10.16
202,5,2015,33.18,6.59,9.86
202,6,2015,29.75,6.88,9.79
202,7,2015,52.07,12.43,25.94
202,8,2015,53.69,11.6,25.05
202,9,2015,0.0,0.0,0.0
202,10,2015,53.68,13.01,28.1
202,11,2015,53.68,10.4,22.45
202,12,2015,45.47,12.24,22.45
202,1,2016,40.89,9.26,15.67
202,2,2016,43.27,6.8,11.99
202,3,2016,34.89,4.59,7.05
202,4,2016,24.53,5.53,7.32
202,5,2016,23.13,5.98,7.78
202,6,2016,34.65,6.22,9.51
202,7,2016,13.45,7.23,8.35
202,8,2016,19.01,6.86,8.47
202,9,2016,59.82,6.58,16.37
202,10,2016,66.41,6.46,19.23
202,11,2016,60.84,6.17,15.76
202,12,2016,61.3,5.23,13.51
202,1,2017,37.91,3.78,6.08
202,2,2017,39.76,3.06,5.08
202,3,2017,35.62,2.61,4.05
202,4,2017,62.73,8.34,22.36
202,5,2017,72.76,6.45,23.69
202,6,2017,62.72,7.98,21.42
202,7,2017,71.88,5.71,20.29
202,8,2017,67.37,6.46,19.79
202,9,2017,60.92,7.57,19.38
202,10,2017,69.19,5.49,17.82
202,11,2017,38.53,2.93,4.77
202,12,2017,33.05,11.13,16.63
202,1,2018,64.79,6.41,18.21
202,2,2018,65.55,6.37,18.48
202,3,2018,63.3,6.0,16.34
202,4,2018,63.91,7.24,20.06
202,5,2018,63.21,6.44,17.51
202,6,2018,66.36,5.74,17.06
202,7,2018,61.02,5.54,14.2
202,8,2018,59.31,7.48,18.38
202,9,2018,57.63,8.64,20.39
202,10,2018,58.42,6.79,16.33
202,11,2018,62.48,5.1,13.58
202,12,2018,51.97,5.44,11.32
202,1,2019,58.0,4.83,11.5
202,2,2019,50.84,5.14,10.46
202,3,2019,43.73,6.37,11.32
202,4,2019,43.69,6.91,12.28
202,5,2019,62.56,6.34,16.93
202,6,2019,68.65,4.87,15.55
202,7,2019,69.11,4.89,15.83
202,8,2019,69.44,4.48,14.68
202,9,2019,0.0,0.0,0.0
202,10,2019,0.0,0.0,0.0
202,11,2019,68.09,5.41,16.95
202,12,2019,68.04,6.08,19.03
202,1,2020,87.29,3.89,30.6
202,2,2020,68.33,6.83,21.57
202,3,2020,66.04,6.54,19.25
202,4,2020,81.86,7.09,39.06
202,5,2020,84.02,5.9,36.91
202,6,2020,82.9,6.03,35.25
202,7,2020,80.51,7.77,39.9
202,8,2020,70.92,8.29,28.49
202,9,2020,77.12,6.64,29.03
202,10,2020,85.86,4.26,30.15
202,11,2020,79.87,5.28,26.25
202,12,2020,77.2,5.08,22.29
202,1,2021,80.03,5.73,28.69
202,2,2021,83.81,4.19,25.85
202,3,2021,84.15,4.21,26.56
202,4,2021,79.4,4.88,23.67
202,5,2021,81.82,4.8,26.4
202,6,2021,83.18,3.6,21.4
203,12,2009,0.0,25.05,25.05
203,1,2010,0.0,16.06,16.06
203,2,2010,3.61,13.13,13.62
203,3,2010,2.09,13.46,13.75
203,4,2010,1.27,13.37,13.54
203,5,2010,0.0,27.64,27.64
203,6,2010,0.0,28.12,28.12
203,7,2010,1.4,27.51,27.9
203,8,2010,1.39,25.08,25.44
203,9,2010,1.4,25.15,25.5
203,10,2010,1.41,26.03,26.4
203,11,2010,2.79,24.16,24.85
203,12,2010,0.7,24.67,24.85
203,1,2011,2.79,24.03,24.72
203,2,2011,3.48,23.19,24.03
203,3,2011,3.48,22.61,23.42
203,4,2011,3.48,22.85,23.67
203,5,2011,2.09,23.84,24.35
203,6,2011,1.37,25.26,25.61
203,7,2011,2.73,25.33,26.04
203,8,2011,2.72,26.03,26.75
203,9,2011,1.37,26.21,26.57
203,10,2011,1.37,37.38,37.9
203,11,2011,2.18,33.58,34.33
203,12,2011,5.41,32.96,34.85
203,1,2012,1.17,36.42,36.85
203,2,2012,0.72,35.09,35.35
203,3,2012,0.83,35.49,35.78
203,4,2012,5.36,31.39,33.17
203,5,2012,0.81,31.74,31.99
203,6,2012,0.68,32.04,32.26
203,7,2012,2.11,25.4,25.95
203,8,2012,1.74,24.72,25.15
203,9,2012,17.61,22.3,27.07
203,10,2012,3.12,25.92,26.75
203,11,2012,4.08,25.11,26.18
203,12,2012,7.65,23.94,25.93
203,1,2013,9.83,25.95,28.78
203,2,2013,7.46,27.19,29.38
203,3,2013,5.55,29.79,31.55
203,4,2013,1.7,29.08,29.58
203,5,2013,0.97,29.67,29.96
203,6,2013,2.23,29.14,29.81
203,7,2013,2.81,32.28,33.21
203,8,2013,6.25,35.11,37.45
203,9,2013,5.77,33.0,35.02
203,10,2013,3.84,30.79,32.02
203,11,2013,1.3,30.09,30.49
203,12,2013,1.92,30.1,30.69
203,1,2014,2.93,35.39,36.46
203,2,2014,1.3,30.39,30.79
203,3,2014,1.93,25.35,25.85
203,4,2014,1.15,28.05,28.38
203,5,2014,1.3,27.45,27.82
203,6,2014,0.98,29.32,29.61
203,7,2014,2.73,28.04,28.82
203,8,2014,5.14,26.47,27.91
203,9,2014,3.35,29.71,30.74
203,10,2014,5.98,28.96,30.8
203,11,2014,6.17,28.26,30.11
203,12,2014,5.4,30.0,31.72
203,1,2015,6.15,29.67,31.62
203,2,2015,6.7,27.73,29.72
203,3,2015,6.39,28.87,30.84
203,4,2015,7.1,27.89,30.02
203,5,2015,5.3,30.52,32.23
203,6,2015,4.55,31.88,33.4
203,7,2015,3.7,32.16,33.4
203,8,2015,4.34,31.56,32.99
203,9,2015,6.01,29.18,31.04
203,10,2015,5.25,30.35,32.03
203,11,2015,2.75,27.7,28.48
203,12,2015,1.54,27.35,27.78
203,1,2016,4.54,26.85,28.13
203,2,2016,5.08,29.25,30.82
203,3,2016,3.7,29.97,31.12
203,4,2016,3.74,29.54,30.69
203,5,2016,3.79,31.12,32.35
203,6,2016,3.2,33.26,34.36
203,7,2016,0.71,41.14,41.43
203,8,2016,0.53,40.89,41.11
203,9,2016,4.5,37.91,39.7
203,10,2016,10.12,40.6,45.17
203,11,2016,11.77,42.37,48.03
203,12,2016,9.13,39.72,43.71
203,1,2017,1.62,31.66,32.19
203,2,2017,4.02,30.45,31.73
203,3,2017,6.04,33.39,35.54
203,4,2017,6.11,34.51,36.75
203,5,2017,3.97,32.83,34.19
203,6,2017,3.74,35.47,36.85
203,7,2017,8.76,32.35,35.46
203,8,2017,4.43,34.96,36.58
203,9,2017,6.7,31.99,34.29
203,10,2017,5.57,31.76,33.64
203,11,2017,7.09,30.33,32.65
203,12,2017,4.42,30.27,31.67
203,1,2018,4.02,29.54,30.77
203,2,2018,5.22,29.64,31.28
203,3,2018,3.92,28.04,29.18
203,4,2018,2.45,33.03,33.86
203,5,2018,2.28,31.09,31.82
203,6,2018,3.05,38.04,39.23
203,7,2018,2.91,27.76,28.6
203,8,2018,2.61,31.28,32.12
203,9,2018,3.32,32.91,34.04
203,10,2018,4.62,33.37,34.99
203,11,2018,4.97,32.43,34.12
203,12,2018,3.65,34.47,35.77
203,1,2019,3.05,33.54,34.59
203,2,2019,2.3,32.62,33.39
203,3,2019,1.93,31.17,31.78
203,4,2019,2.25,31.86,32.6
203,5,2019,5.78,34.63,36.75
203,6,2019,4.65,30.68,32.17
203,7,2019,1.34,31.58,32.01
203,8,2019,1.91,34.96,35.64
203,9,2019,2.94,36.5,37.6
203,10,2019,2.76,33.67,34.63
203,11,2019,2.75,35.42,36.42
203,12,2019,4.54,34.98,36.64
203,1,2020,6.01,35.21,37.46
203,2,2020,4.52,33.37,34.95
203,3,2020,5.43,33.58,35.51
203,4,2020,11.77,30.38,34.44
203,5,2020,17.72,28.97,35.21
203,6,2020,10.43,29.15,32.55
203,7,2020,14.97,31.45,36.99
203,8,2020,9.41,32.62,36.01
203,9,2020,12.56,29.65,33.91
203,10,2020,10.87,27.38,30.72
203,11,2020,11.51,21.98,24.84
203,12,2020,10.0,20.67,22.96
203,1,2021,11.62,23.45,26.54
203,2,2021,9.7,23.66,26.21
203,3,2021,9.93,24.93,27.67
203,4,2021,9.31,23.94,26.4
203,5,2021,9.48,23.68,26.16
203,6,2021,7.72,25.01,27.11
204,3,2012,5.76,34.47,36.58
204,4,2012,6.75,23.09,24.77
204,5,2012,5.03,15.65,16.48
204,6,2012,5.42,14.2,15.01
204,7,2012,5.16,13.61,14.35
204,8,2012,1.37,15.4,15.61
204,9,2012,7.55,13.67,14.79
204,10,2012,3.12,21.75,22.45
204,11,2012,17.06,18.34,22.12
204,12,2012,11.33,19.74,22.26
204,1,2013,28.31,14.54,20.28
204,2,2013,26.95,13.67,18.71
204,3,2013,35.3,22.31,34.48
204,4,2013,28.72,32.99,46.28
204,5,2013,21.56,32.85,41.88
204,6,2013,21.54,31.13,39.67
204,7,2013,17.71,34.35,41.75
204,8,2013,29.15,36.33,51.29
204,9,2013,27.7,33.62,46.5
204,10,2013,22.65,32.99,42.65
204,11,2013,19.11,29.76,36.79
204,12,2013,14.53,30.06,35.17
204,1,2014,19.4,28.6,35.48
204,2,2014,16.48,27.55,32.98
204,3,2014,22.71,23.97,31.01
204,4,2014,14.79,26.09,30.62
204,5,2014,16.47,25.2,30.16
204,6,2014,12.82,26.51,30.4
204,7,2014,17.1,20.99,25.32
204,8,2014,16.29,20.58,24.59
204,9,2014,14.12,21.0,24.45
204,10,2014,18.17,14.83,18.13
204,11,2014,18.66,11.69,14.37
204,12,2014,16.62,12.22,14.65
204,1,2015,18.62,11.83,14.54
204,2,2015,23.71,10.95,14.36
204,3,2015,25.17,11.26,15.05
204,4,2015,31.18,10.48,15.22
204,5,2015,24.92,11.48,15.29
204,6,2015,0.0,0.0,0.0
204,7,2015,21.74,11.25,14.38
204,8,2015,27.01,10.93,14.97
204,9,2015,34.3,9.55,14.53
204,10,2015,26.0,10.82,14.63
204,11,2015,23.4,10.31,13.46
204,12,2015,17.86,10.77,13.11
204,1,2016,27.58,9.97,13.77
204,2,2016,30.01,10.54,15.07
204,3,2016,20.66,10.68,13.46
204,4,2016,17.25,10.62,12.83
204,5,2016,16.05,11.15,13.29
204,6,2016,25.2,11.76,15.72
204,7,2016,8.04,14.43,15.69
204,8,2016,10.72,13.8,15.46
204,9,2016,41.31,12.25,20.87
204,10,2016,42.69,13.66,23.84
204,11,2016,32.0,14.48,21.3
204,12,2016,30.72,13.67,19.74
204,1,2017,14.6,10.79,12.64
204,2,2017,13.09,10.41,11.98
204,3,2017,18.69,10.86,13.35
204,4,2017,20.39,10.83,13.6
204,5,2017,19.08,9.48,11.71
204,6,2017,20.53,11.37,14.31
204,7,2017,40.32,11.68,19.58
204,8,2017,36.61,12.45,19.63
204,9,2017,40.68,12.21,20.59
204,10,2017,35.53,17.11,26.55
204,11,2017,48.98,16.7,32.73
204,12,2017,36.81,16.99,26.89
204,1,2018,29.03,16.74,23.59
204,2,2018,30.6,16.99,24.49
204,3,2018,24.72,16.96,22.53
204,4,2018,22.4,20.29,26.15
204,5,2018,21.17,18.56,23.55
204,6,2018,22.4,18.08,23.3
204,7,2018,18.79,17.21,21.19
204,8,2018,21.29,20.1,25.54
204,9,2018,20.16,20.26,25.38
204,10,2018,21.64,20.14,25.7
204,11,2018,28.18,18.3,25.49
204,12,2018,17.72,18.6,22.61
204,1,2019,19.28,17.1,21.18
204,2,2019,15.17,16.55,19.51
204,3,2019,16.73,15.72,18.88
204,4,2019,19.04,15.19,18.76
204,5,2019,37.5,13.35,21.36
204,6,2019,38.55,13.41,21.82
204,7,2019,40.88,13.32,22.53
204,8,2019,44.3,13.45,24.14
204,9,2019,53.13,13.82,29.49
204,10,2019,42.81,13.67,23.9
204,11,2019,42.73,14.24,24.87
204,12,2019,39.45,14.11,23.3
204,1,2020,51.45,15.24,31.4
204,2,2020,39.61,15.61,25.84
204,3,2020,37.15,15.61,24.84
204,4,2020,57.84,14.54,34.49
204,5,2020,68.02,12.97,40.55
204,6,2020,62.68,13.6,36.44
204,7,2020,62.12,14.56,38.45
204,8,2020,46.79,15.31,28.78
204,9,2020,54.87,13.95,30.92
204,10,2020,94.65,0.54,10.01
204,11,2020,49.64,2.36,4.69
204,12,2020,45.7,3.14,5.77
204,1,2021,49.9,3.33,6.65
204,2,2021,44.9,3.01,5.46
204,3,2021,45.51,2.72,5.0
204,4,2021,43.73,2.96,5.26
204,5,2021,44.25,2.93,5.25
204,6,2021,38.8,2.62,4.29
205,9,2011,7.05,22.4,24.1
205,10,2011,2.73,26.29,27.03
205,11,2011,1.38,26.22,26.59
205,12,2011,4.08,25.29,26.37
205,1,2012,4.09,26.85,27.99
205,2,2012,2.19,26.32,26.91
205,3,2012,0.83,27.28,27.51
205,4,2012,5.37,26.43,27.93
205,5,2012,3.81,29.95,31.14
205,6,2012,1.37,32.27,32.72
205,7,2012,2.82,26.54,27.31
205,8,2012,11.7,27.34,30.96
205,9,2012,14.43,32.41,37.87
205,10,2012,6.23,37.07,39.54
205,11,2012,10.7,36.07,40.39
205,12,2012,16.61,33.65,40.35
205,1,2013,15.29,36.22,42.76
205,2,2013,12.74,37.21,42.65
205,3,2013,9.62,40.34,44.63
205,4,2013,6.69,41.26,44.22
205,5,2013,3.9,41.89,43.59
205,6,2013,7.91,39.59,42.99
205,7,2013,8.96,43.15,47.4
205,8,2013,12.12,43.29,49.26
205,9,2013,13.0,43.47,49.97
205,10,2013,11.13,44.26,49.8
205,11,2013,7.33,41.32,44.59
205,12,2013,4.53,41.98,43.97
205,1,2014,9.33,40.9,45.11
205,2,2014,7.72,39.55,42.85
205,3,2014,11.08,35.34,39.74
205,4,2014,6.86,39.15,42.03
205,5,2014,7.72,38.22,41.41
205,6,2014,5.92,41.23,43.82
205,7,2014,8.1,39.17,42.63
205,8,2014,7.69,39.64,42.94
205,9,2014,5.05,48.04,50.59
205,10,2014,6.99,50.21,53.99
205,11,2014,7.22,50.37,54.29
205,12,2014,8.69,53.28,58.35
205,1,2015,9.86,51.58,57.22
205,2,2015,11.41,49.02,55.33
205,3,2015,10.91,51.4,57.69
205,4,2015,12.06,49.97,56.82
205,5,2015,9.13,55.01,60.53
205,6,2015,8.22,56.77,61.85
205,7,2015,6.73,55.48,59.48
205,8,2015,8.76,53.56,58.71
205,9,2015,9.59,49.44,54.69
205,10,2015,6.31,53.79,57.41
205,11,2015,4.6,52.56,55.1
205,12,2015,3.12,53.74,55.46
205,1,2016,4.55,50.4,52.8
205,2,2016,5.09,52.45,55.27
205,3,2016,3.71,50.62,52.57
205,4,2016,2.24,49.1,50.22
205,5,2016,0.88,53.09,53.56
205,6,2016,1.79,51.9,52.84
205,7,2016,1.25,55.02,55.72
205,8,2016,1.89,48.57,49.5
205,9,2016,10.11,52.69,58.62
205,10,2016,18.54,55.47,68.1
205,11,2016,9.03,58.84,64.68
205,12,2016,17.96,53.08,64.7
205,1,2017,3.49,42.01,43.53
205,2,2017,6.66,37.9,40.61
205,3,2017,7.32,37.95,40.95
205,4,2017,4.3,38.22,39.94
205,5,2017,7.87,35.15,38.15
205,6,2017,6.47,38.69,41.37
205,7,2017,10.51,37.06,41.42
205,8,2017,7.32,37.71,40.68
205,9,2017,13.1,32.79,37.73
205,10,2017,12.31,30.58,34.87
205,11,2017,11.51,28.68,32.41
205,12,2017,8.73,28.51,31.24
205,1,2018,6.08,27.67,29.46
205,2,2018,5.22,23.27,24.55
205,3,2018,10.25,19.35,21.56
205,4,2018,8.49,23.26,25.41
205,5,2018,7.94,21.35,23.19
205,6,2018,5.48,21.66,22.91
205,7,2018,6.16,18.52,19.74
205,8,2018,5.92,20.81,22.12
205,9,2018,3.34,20.41,21.11
205,10,2018,3.3,22.78,23.55
205,11,2018,4.99,19.18,20.19
205,12,2018,3.29,23.46,24.25
205,1,2019,3.42,21.79,22.56
205,2,2019,3.51,20.24,20.97
205,3,2019,3.25,19.14,19.78
205,4,2019,4.55,18.06,18.92
205,5,2019,4.06,19.35,20.17
205,6,2019,12.39,17.7,20.2
205,7,2019,7.88,19.89,21.6
205,8,2019,16.77,18.22,21.89
205,9,2019,18.53,16.97,20.83
205,10,2019,6.15,18.08,19.26
205,11,2019,9.45,18.2,20.1
205,12,2019,7.4,18.37,19.84
205,1,2020,15.15,20.09,23.68
205,2,2020,9.62,18.8,20.8
205,3,2020,9.41,19.3,21.31
205,4,2020,19.42,16.95,21.03
205,5,2020,25.58,16.55,22.25
205,6,2020,12.44,17.05,19.48
205,7,2020,13.48,18.24,21.08
205,8,2020,21.07,16.68,21.13
205,9,2020,24.26,14.37,18.98
205,10,2020,19.57,16.2,20.14
205,11,2020,7.11,16.33,17.58
205,12,2020,20.31,14.81,18.59
205,1,2021,7.16,16.64,17.92
205,2,2021,11.54,14.62,16.53
205,3,2021,10.84,16.13,18.09
205,4,2021,10.19,17.15,19.1
205,5,2021,10.39,16.5,18.42
205,6,2021,8.48,16.99,18.56
206,7,2009,26.41,35.34,48.02
206,8,2009,13.04,43.07,49.53
206,9,2009,5.32,39.97,42.22
206,10,2009,5.32,40.49,42.77
206,11,2009,21.29,35.15,44.66
206,12,2009,32.16,30.13,44.42
206,1,2010,27.58,30.84,42.58
206,2,2010,27.56,32.53,44.91
206,3,2010,25.23,31.64,42.31
206,4,2010,20.45,31.39,39.46
206,5,2010,28.96,24.7,34.77
206,6,2010,33.3,22.33,33.48
206,7,2010,34.62,20.59,31.49
206,8,2010,33.71,18.21,27.46
206,9,2010,31.65,16.78,24.55
206,10,2010,34.39,15.47,23.59
206,11,2010,75.81,8.0,33.08
206,12,2010,25.78,20.97,28.26
206,1,2011,42.03,18.66,32.19
206,2,2011,41.9,16.01,27.56
206,3,2011,39.77,15.59,25.89
206,4,2011,49.11,15.25,29.96
206,5,2011,23.38,15.93,20.79
206,6,2011,37.3,10.56,16.84
206,7,2011,27.19,11.0,15.1
206,8,2011,23.9,7.14,9.38
206,9,2011,1.73,8.3,8.45
206,10,2011,68.9,16.0,51.45
206,11,2011,72.07,16.89,60.45
206,12,2011,67.62,19.16,59.19
206,1,2012,71.64,15.57,54.89
206,2,2012,51.58,18.67,38.56
206,3,2012,53.65,18.2,39.27
206,4,2012,57.92,19.48,46.29
206,5,2012,46.85,19.81,37.27
206,6,2012,32.99,20.63,30.79
206,7,2012,59.55,16.98,41.99
206,8,2012,64.02,15.7,43.64
206,9,2012,64.03,18.3,50.87
206,10,2012,53.2,15.89,33.95
206,11,2012,60.04,14.75,36.9
206,12,2012,75.04,11.47,45.93
206,1,2013,73.39,10.29,38.65
206,2,2013,72.04,11.39,40.73
206,3,2013,65.26,13.75,39.56
206,4,2013,75.39,10.9,44.31
206,5,2013,60.06,11.8,29.55
206,6,2013,55.58,12.17,27.39
206,7,2013,66.05,11.65,34.33
206,8,2013,78.81,13.05,61.56
206,9,2013,74.49,11.86,46.49
206,10,2013,70.78,12.95,44.3
206,11,2013,61.79,13.01,34.04
206,12,2013,67.17,10.32,31.42
206,1,2014,73.53,10.42,39.36
206,2,2014,69.92,9.98,33.16
206,3,2014,77.58,8.89,39.67
206,4,2014,67.15,9.98,30.39
206,5,2014,69.9,9.46,31.43
206,6,2014,63.59,10.26,28.19
206,7,2014,68.13,10.11,31.72
206,8,2014,66.88,10.47,31.6
206,9,2014,60.46,10.31,26.07
206,10,2014,68.0,9.41,29.4
206,11,2014,65.96,10.35,30.4
206,12,2014,62.71,10.75,28.84
206,1,2015,65.91,10.58,31.03
206,2,2015,69.48,9.77,32.0
206,3,2015,72.74,8.67,31.81
206,4,2015,74.91,8.43,33.59
206,5,2015,70.05,8.44,28.19
206,6,2015,66.6,9.04,27.08
206,7,2015,61.63,9.29,24.2
206,8,2015,68.14,9.15,28.73
206,9,2015,74.65,8.68,34.25
206,10,2015,69.38,9.94,32.46
206,11,2015,65.3,9.65,27.82
206,12,2015,63.08,8.89,24.07
206,1,2016,71.96,8.41,30.01
206,2,2016,71.51,9.66,33.91
206,3,2016,66.85,8.9,26.86
206,4,2016,57.39,9.72,22.8
206,5,2016,56.34,10.36,23.74
206,6,2016,67.58,10.93,33.71
206,7,2016,36.91,13.77,21.82
206,8,2016,46.94,12.97,24.45
206,9,2016,83.36,11.84,71.11
206,10,2016,85.32,12.83,87.38
206,11,2016,82.1,14.09,78.72
206,12,2016,82.19,12.95,72.69
206,1,2017,66.68,9.45,28.35
206,2,2017,68.47,9.27,29.4
206,3,2017,69.68,9.6,31.66
206,4,2017,66.4,11.26,33.5
206,5,2017,64.55,10.15,28.64
206,6,2017,63.1,11.09,30.05
206,7,2017,77.56,9.23,41.13
206,8,2017,73.05,9.01,33.43
206,9,2017,72.1,8.97,32.16
206,10,2017,64.84,10.4,29.59
206,11,2017,79.81,8.61,42.67
206,12,2017,70.58,8.66,29.42
206,1,2018,64.09,9.05,25.2
206,2,2018,65.6,8.95,26.02
206,3,2018,60.35,8.7,21.95
206,4,2018,59.14,10.85,26.55
206,5,2018,57.39,10.28,24.13
206,6,2018,58.64,10.26,24.81
206,7,2018,57.35,9.65,22.61
206,8,2018,58.78,10.09,24.48
206,9,2018,57.48,9.17,21.56
206,10,2018,52.31,9.46,19.83
206,11,2018,55.93,9.01,20.45
206,12,2018,42.42,8.38,14.56
206,1,2019,50.2,6.91,13.88
206,2,2019,45.41,7.05,12.92
206,3,2019,40.86,6.79,11.49
206,4,2019,52.25,4.92,10.3
206,5,2019,73.18,4.7,17.51
206,6,2019,73.08,4.13,15.33
206,7,2019,71.83,4.13,14.65
206,8,2019,71.2,3.88,13.46
206,9,2019,71.19,5.54,19.23
206,10,2019,58.8,5.22,12.66
206,11,2019,58.75,6.23,15.1
206,12,2019,62.83,5.37,14.44
206,1,2020,63.3,7.78,21.2
206,2,2020,48.65,7.6,14.8
206,3,2020,46.64,7.4,13.88
206,4,2020,90.0,1.01,10.1
206,5,2020,70.12,1.44,4.83
206,6,2020,68.36,7.12,22.51
206,7,2020,70.31,8.0,26.95
206,8,2020,63.58,7.56,20.77
206,9,2020,71.86,5.81,20.66
206,10,2020,66.0,6.41,18.86
206,11,2020,65.45,6.2,17.95
206,12,2020,61.79,6.09,15.93
206,1,2021,75.0,4.8,19.2
206,2,2021,65.86,5.91,17.3
206,3,2021,63.22,6.57,17.86
206,4,2021,60.1,7.04,17.65
206,5,2021,60.59,6.48,16.45
206,6,2021,55.64,6.19,13.96
207,11,2011,0.74,29.86,30.08
207,12,2011,8.08,32.9,35.8
207,1,2012,1.17,38.37,38.83
207,2,2012,1.96,34.98,35.68
207,3,2012,2.5,33.37,34.23
207,4,2012,5.9,31.36,33.33
207,5,2012,1.61,32.92,33.46
207,6,2012,0.37,35.8,35.93
207,7,2012,1.42,28.73,29.14
207,8,2012,2.26,26.66,27.28
207,9,2012,9.21,24.08,26.53
207,10,2012,3.84,24.93,25.93
207,11,2012,4.76,21.63,22.71
207,12,2012,6.61,19.77,21.17
207,1,2013,7.95,19.31,20.97
207,2,2013,7.47,16.68,18.03
207,3,2013,5.57,18.65,19.75
207,4,2013,9.89,19.26,21.38
207,5,2013,5.17,17.85,18.83
207,6,2013,3.11,17.11,17.66
207,7,2013,5.61,18.53,19.63
207,8,2013,7.27,15.55,16.77
207,9,2013,7.63,11.71,12.67
207,10,2013,3.89,11.54,12.01
207,11,2013,26.79,23.5,32.1
207,12,2013,17.68,23.97,29.12
207,1,2014,19.4,23.08,28.63
207,2,2014,15.14,24.53,28.9
207,3,2014,21.0,21.46,27.16
207,4,2014,13.57,15.94,18.44
207,5,2014,15.12,9.32,10.98
207,6,2014,11.82,10.59,12.01
207,7,2014,15.84,10.12,12.03
207,8,2014,15.09,10.2,12.02
207,9,2014,12.8,9.22,10.57
207,10,2014,14.98,6.74,7.93
207,11,2014,10.29,6.34,7.07
207,12,2014,9.07,5.88,6.47
207,1,2015,10.23,3.82,4.26
207,2,2015,11.86,5.1,5.78
207,3,2015,11.37,5.94,6.7
207,4,2015,12.55,5.13,5.87
207,5,2015,9.51,5.31,5.87
207,6,2015,8.21,5.37,5.85
207,7,2015,5.36,4.27,4.51
207,8,2015,6.99,4.08,4.39
207,9,2015,9.65,4.13,4.58
207,10,2015,3.86,12.37,12.86
207,11,2015,24.46,9.37,12.41
207,12,2015,24.45,9.22,12.2
207,1,2016,13.83,8.95,10.39
207,2,2016,9.5,6.6,7.29
207,3,2016,7.0,6.47,6.96
207,4,2016,2.33,6.42,6.58
207,5,2016,1.3,6.0,6.08
207,6,2016,3.35,5.3,5.48
207,7,2016,0.51,7.71,7.75
207,8,2016,2.56,6.58,6.75
207,9,2016,12.07,10.59,12.04
207,10,2016,9.57,10.79,11.93
207,11,2016,8.52,11.06,12.09
207,12,2016,13.88,9.82,11.4
207,1,2017,8.49,7.47,8.16
207,2,2017,2.16,7.43,7.6
207,3,2017,6.89,7.98,8.57
207,4,2017,9.32,8.56,9.44
207,5,2017,9.86,7.25,8.05
207,6,2017,5.87,8.17,8.68
207,7,2017,9.58,7.79,8.61
207,8,2017,6.89,8.11,8.71
207,9,2017,7.34,7.15,7.72
207,10,2017,7.83,7.14,7.75
207,11,2017,10.89,6.38,7.16
207,12,2017,8.13,5.58,6.07
207,1,2018,6.65,12.21,13.08
207,2,2018,6.68,9.77,10.47
207,3,2018,3.8,9.17,9.53
207,4,2018,2.55,10.7,10.98
207,5,2018,3.82,10.76,11.19
207,6,2018,3.55,7.71,7.99
207,7,2018,7.55,7.92,8.57
207,8,2018,5.04,6.19,6.52
207,9,2018,8.76,4.45,4.87
207,10,2018,7.56,5.01,5.42
207,11,2018,3.84,4.09,4.25
207,12,2018,10.64,3.95,4.43
207,1,2019,7.7,3.4,3.69
207,2,2019,5.63,3.78,4.0
207,3,2019,24.47,9.04,11.97
207,4,2019,18.34,10.02,12.27
207,5,2019,6.78,9.21,9.88
207,6,2019,6.77,8.9,9.55
207,7,2019,12.0,9.97,11.34
207,8,2019,7.44,10.18,11.0
207,9,2019,9.42,9.81,10.83
207,10,2019,8.08,9.94,10.81
207,11,2019,0.0,0.0,0.0
207,12,2019,0.0,0.0,0.0
207,1,2020,8.12,10.16,11.05
207,2,2020,4.55,9.12,9.55
207,3,2020,4.79,9.24,9.7
207,4,2020,27.56,5.05,6.97
207,5,2020,11.88,5.22,5.92
207,6,2020,11.05,8.16,9.17
207,7,2020,11.98,9.57,10.88
207,8,2020,4.34,8.04,8.4
207,9,2020,5.89,7.5,7.97
207,10,2020,14.91,6.94,8.16
207,11,2020,27.44,6.07,8.37
207,12,2020,17.48,6.35,7.7
207,1,2021,17.92,7.07,8.61
207,2,2021,0.0,0.0,0.0
207,3,2021,0.0,0.0,0.0
207,4,2021,14.52,7.1,8.3
207,5,2021,14.83,6.82,8.0
207,6,2021,3.16,7.65,7.9
208,6,2010,0.0,27.66,27.66
208,7,2010,2.59,28.52,29.28
208,8,2010,0.0,29.95,29.95
208,9,2010,0.0,29.08,29.08
208,10,2010,0.0,29.54,29.54
208,11,2010,1.94,33.53,34.2
208,12,2010,0.65,29.42,29.62
208,1,2011,2.59,31.06,31.89
208,2,2011,1.96,28.6,29.17
208,3,2011,1.76,28.34,28.85
208,4,2011,1.94,29.85,30.44
208,5,2011,1.95,27.31,27.86
208,6,2011,3.87,24.95,25.95
208,7,2011,4.09,28.16,29.36
208,8,2011,1.8,30.06,30.62
208,9,2011,0.06,30.95,30.97
208,10,2011,0.02,28.66,28.67
208,11,2011,5.43,36.67,38.78
208,12,2011,13.28,31.1,35.86
208,1,2012,9.28,27.15,29.93
208,2,2012,0.87,27.5,27.74
208,3,2012,2.08,26.56,27.12
208,4,2012,6.69,25.76,27.61
208,5,2012,4.24,28.52,29.78
208,6,2012,2.31,28.61,29.29
208,7,2012,1.69,23.87,24.28
208,8,2012,3.46,19.51,20.21
208,9,2012,2.6,19.19,19.7
208,10,2012,1.05,21.02,21.25
208,11,2012,0.68,20.76,20.9
208,12,2012,4.47,19.44,20.35
208,1,2013,7.0,20.61,22.16
208,2,2013,11.53,19.59,22.15
208,3,2013,5.56,24.55,26.0
208,4,2013,5.54,23.92,25.33
208,5,2013,4.89,24.16,25.4
208,6,2013,4.48,23.9,25.02
208,7,2013,2.26,28.08,28.73
208,8,2013,4.22,30.64,31.99
208,9,2013,5.78,28.08,29.8
208,10,2013,3.84,27.19,28.28
208,11,2013,2.6,26.44,27.15
208,12,2013,5.09,25.85,27.23
208,1,2014,7.23,25.67,27.67
208,2,2014,6.45,24.17,25.84
208,3,2014,9.32,21.54,23.75
208,4,2014,5.73,24.71,26.21
208,5,2014,6.45,23.05,24.64
208,6,2014,4.93,25.44,26.76
208,7,2014,6.78,23.95,25.7
208,8,2014,6.42,23.83,25.46
208,9,2014,4.21,24.59,25.67
208,10,2014,4.99,21.93,23.08
208,11,2014,5.15,21.14,22.29
208,12,2014,5.97,22.07,23.47
208,1,2015,6.89,21.1,22.66
208,2,2015,8.02,20.19,21.95
208,3,2015,7.65,21.54,23.32
208,4,2015,8.49,21.24,23.21
208,5,2015,6.36,23.5,25.09
208,6,2015,7.38,23.91,25.81
208,7,2015,6.03,23.47,24.97
208,8,2015,7.87,22.69,24.63
208,9,2015,7.22,21.73,23.42
208,10,2015,6.31,22.96,24.5
208,11,2015,5.53,21.69,22.96
208,12,2015,4.69,20.26,21.26
208,1,2016,4.55,19.77,20.71
208,2,2016,2.56,21.19,21.75
208,3,2016,1.2,20.79,21.04
208,4,2016,1.86,20.37,20.75
208,5,2016,2.75,21.88,22.5
208,6,2016,1.19,21.55,21.81
208,7,2016,0.73,27.11,27.31
208,8,2016,1.05,25.82,26.09
208,9,2016,5.96,25.95,27.59
208,10,2016,9.44,26.72,29.5
208,11,2016,7.03,28.39,30.54
208,12,2016,9.15,26.15,28.79
208,1,2017,4.6,19.41,20.34
208,2,2017,4.03,19.2,20.01
208,3,2017,2.98,21.65,22.31
208,4,2017,3.31,21.41,22.14
208,5,2017,6.59,19.49,20.86
208,6,2017,5.37,22.03,23.28
208,7,2017,9.17,20.6,22.68
208,8,2017,7.61,21.58,23.36
208,9,2017,8.08,19.91,21.66
208,10,2017,6.95,20.37,21.89
208,11,2017,7.1,19.14,20.61
208,12,2017,4.43,19.73,20.65
208,1,2018,3.66,18.78,19.5
208,2,2018,5.23,17.79,18.77
208,3,2018,2.4,15.68,16.06
208,4,2018,2.44,19.07,19.55
208,5,2018,2.26,17.33,17.73
208,6,2018,2.45,17.38,17.82
208,7,2018,2.34,15.51,15.88
208,8,2018,2.38,16.55,16.95
208,9,2018,2.23,16.25,16.62
208,10,2018,4.41,15.94,16.67
208,11,2018,3.74,14.15,14.7
208,12,2018,2.19,14.37,14.69
208,1,2019,2.32,13.39,13.71
208,2,2019,1.26,12.86,13.03
208,3,2019,1.27,12.0,12.15
208,4,2019,2.26,13.54,13.85
208,5,2019,4.46,13.14,13.75
208,6,2019,2.14,11.94,12.2
208,7,2019,7.25,12.79,13.79
208,8,2019,9.32,11.6,12.79
208,9,2019,12.8,10.13,11.61
208,10,2019,8.55,12.32,13.48
208,11,2019,7.98,12.3,13.37
208,12,2019,0.0,0.0,0.0
208,1,2020,10.91,12.67,14.22
208,2,2020,10.34,12.8,14.28
208,3,2020,9.4,13.55,14.96
208,4,2020,19.42,11.94,14.82
208,5,2020,21.79,12.31,15.74
208,6,2020,8.03,13.01,14.15
208,7,2020,7.09,14.16,15.24
208,8,2020,4.31,13.89,14.51
208,9,2020,5.86,13.11,13.93
208,10,2020,4.5,4.79,5.01
208,11,2020,4.79,5.44,5.71
208,12,2020,4.11,3.61,3.76
208,1,2021,4.84,4.25,4.46
208,2,2021,3.99,4.98,5.19
208,3,2021,4.1,4.9,5.11
208,4,2021,3.8,4.47,4.64
208,5,2021,3.88,4.47,4.65
208,6,2021,3.12,4.66,4.81
210,12,2009,0.0,17.2,17.2
210,1,2010,0.0,6.82,6.82
210,2,2010,0.63,4.38,4.41
210,3,2010,1.32,2.22,2.25
210,4,2010,1.33,1.49,1.51
210,5,2010,2.09,1.51,1.55
210,6,2010,0.0,1.5,1.5
210,7,2010,2.0,1.42,1.45
210,8,2010,2.04,1.55,1.58
210,9,2010,0.0,1.6,1.6
210,10,2010,0.0,0.0,0.0
210,11,2010,0.0,0.0,0.0
210,12,2010,0.0,0.0,0.0
210,1,2011,0.0,0.0,0.0
210,2,2011,0.0,0.0,0.0
210,3,2011,0.0,0.0,0.0
210,4,2011,0.0,0.0,0.0
210,5,2011,0.0,0.0,0.0
210,6,2011,0.0,0.0,0.0
210,7,2011,0.0,0.0,0.0
210,8,2011,0.0,0.0,0.0
210,9,2011,0.0,0.0,0.0
210,10,2011,0.0,0.0,0.0
210,11,2011,0.0,0.0,0.0
210,12,2011,0.0,0.0,0.0
210,1,2012,0.0,0.0,0.0
210,2,2012,0.0,0.0,0.0
210,3,2012,0.0,0.0,0.0
210,4,2012,0.0,0.0,0.0
210,5,2012,0.0,0.0,0.0
210,6,2012,0.0,0.0,0.0
210,7,2012,0.0,0.0,0.0
210,8,2012,0.0,0.0,0.0
210,9,2012,0.0,0.0,0.0
210,10,2012,0.0,0.0,0.0
210,11,2012,0.0,0.0,0.0
210,12,2012,0.0,0.0,0.0
210,1,2013,0.0,0.0,0.0
210,2,2013,0.0,0.0,0.0
210,3,2013,0.0,0.0,0.0
210,4,2013,0.0,0.0,0.0
210,5,2013,0.0,0.0,0.0
210,6,2013,0.0,0.0,0.0
210,7,2013,0.0,0.0,0.0
210,8,2013,0.0,0.0,0.0
210,9,2013,0.0,0.0,0.0
210,10,2013,0.0,0.0,0.0
210,11,2013,0.0,0.0,0.0
210,12,2013,0.0,0.0,0.0
210,1,2014,0.0,0.0,0.0
210,2,2014,0.0,0.0,0.0
210,3,2014,0.0,0.0,0.0
210,4,2014,0.0,0.0,0.0
210,5,2014,0.0,0.0,0.0
210,6,2014,0.0,0.0,0.0
210,7,2014,0.0,0.0,0.0
210,8,2014,0.0,0.0,0.0
210,9,2014,0.0,0.0,0.0
210,10,2014,0.0,0.0,0.0
210,11,2014,0.0,0.0,0.0
210,12,2014,0.0,0.0,0.0
210,1,2015,0.0,0.0,0.0
210,2,2015,0.0,0.0,0.0
210,3,2015,0.0,0.0,0.0
210,4,2015,0.0,0.0,0.0
210,5,2015,0.0,0.0,0.0
210,6,2015,0.0,0.0,0.0
210,7,2015,0.0,0.0,0.0
210,8,2015,0.0,0.0,0.0
210,9,2015,0.0,0.0,0.0
210,10,2015,0.0,0.0,0.0
210,11,2015,0.0,0.0,0.0
210,12,2015,0.0,0.0,0.0
210,1,2016,0.0,0.0,0.0
210,2,2016,0.0,0.0,0.0
210,3,2016,0.0,0.0,0.0
210,4,2016,0.0,0.0,0.0
210,5,2016,0.0,0.0,0.0
210,6,2016,0.0,0.0,0.0
210,7,2016,0.0,0.0,0.0
210,8,2016,0.0,0.0,0.0
210,9,2016,0.0,0.0,0.0
210,10,2016,0.0,0.0,0.0
210,11,2016,0.0,0.0,0.0
210,12,2016,0.0,0.0,0.0
210,1,2017,0.0,0.0,0.0
210,2,2017,0.0,0.0,0.0
210,3,2017,0.0,0.0,0.0
210,4,2017,0.0,0.0,0.0
210,5,2017,0.0,0.0,0.0
210,6,2017,0.0,0.0,0.0
210,7,2017,0.0,0.0,0.0
210,8,2017,0.0,0.0,0.0
210,9,2017,0.0,0.0,0.0
210,10,2017,0.0,0.0,0.0
210,11,2017,0.0,0.0,0.0
210,12,2017,0.0,0.0,0.0
210,1,2018,0.0,0.0,0.0
210,2,2018,0.0,0.0,0.0
210,3,2018,0.0,0.0,0.0
210,4,2018,0.0,0.0,0.0
210,5,2018,0.0,0.0,0.0
210,6,2018,0.0,0.0,0.0
210,7,2018,0.0,0.0,0.0
210,8,2018,0.0,0.0,0.0
210,9,2018,0.0,0.0,0.0
210,10,2018,0.0,0.0,0.0
210,11,2018,0.0,0.0,0.0
210,12,2018,0.0,0.0,0.0
210,1,2019,0.0,0.0,0.0
210,2,2019,0.0,0.0,0.0
210,3,2019,0.0,0.0,0.0
210,4,2019,0.0,0.0,0.0
210,5,2019,0.0,0.0,0.0
210,6,2019,0.0,0.0,0.0
210,7,2019,0.0,0.0,0.0
210,8,2019,0.0,0.0,0.0
210,9,2019,0.0,0.0,0.0
210,10,2019,0.0,0.0,0.0
210,11,2019,0.0,0.0,0.0
210,12,2019,0.0,0.0,0.0
210,1,2020,0.0,0.0,0.0
210,2,2020,0.0,0.0,0.0
210,3,2020,0.0,0.0,0.0
210,4,2020,0.0,0.0,0.0
210,5,2020,0.0,0.0,0.0
210,6,2020,0.0,0.0,0.0
210,7,2020,0.0,0.0,0.0
210,8,2020,0.0,0.0,0.0
210,9,2020,0.0,0.0,0.0
210,10,2020,0.0,0.0,0.0
210,11,2020,0.0,0.0,0.0
210,12,2020,0.0,0.0,0.0
210,1,2021,0.0,0.0,0.0
210,2,2021,0.0,0.0,0.0
210,3,2021,0.0,0.0,0.0
210,4,2021,0.0,0.0,0.0
210,5,2021,0.0,0.0,0.0
210,6,2021,0.0,0.0,0.0
